0	353	0	14	0	1000	0	2000	0	4000
0	362	0	17	167	1000	51	2000	49	4000
0	768	0	30						
0	910	0	37						
0	1046	0	38						
0	1579	0	49						
0	1690	0	260						
0	2177	0	800						
0	2224	0	969						
0	2229	0	1062						
0	2233	0	1472						
0	2234	0	1697						
0	2236	0	2028						
0	2238	0	2117						
1	2239	0	2124						
1	2246	0	2125						
1	2249	0	2127						
1	2250	0	2128						
1	2253	0	2129						
1	2254	0	2130						
1	2276	0	2131						
1	2279	0	2134						
1	2280	0	2142						
1	2286	0	2143						
1	2287	1	2144						
1	2288	1	2146						
1	2289	1	2159						
1	2292	1	2160						
1	2296	1	2161						
1	2299	1	2163						
1	2300	1	2165						
2	245	1	2168						
2	21	1	2172						
3	24	1	2175						
3	29	2	24						
3	34	3	31						
3	35	3	37						
3	39	3	44						
3	42	3	45						
3	46	3	48						
3	47	3	49						
3	53	3	56						
3	59	3	63						
3	60	3	65						
3	61	3	66						
3	65	3	73						
3	68	3	74						
3	71	3	75						
3	73	3	145						
3	75	3	191						
3	78	3	196						
3	84	3	200						
3	86	3	203						
3	90	3	205						
3	96	3	212						
3	103	3	214						
3	109	3	216						
3	112	3	223						
3	117	3	229						
3	119	3	237						
3	123	3	241						
3	125	3	243						
3	126	3	246						
3	127	3	247						
3	132	3	250						
3	133	3	252						
3	135	3	256						
3	140	3	259						
3	142	3	260						
3	150	3	261						
3	154	3	280						
3	156	3	281						
3	159	3	283						
3	163	3	286						
3	168	3	291						
3	176	3	293						
3	181	3	301						
3	184	3	302						
3	191	3	307						
3	192	3	310						
3	196	3	313						
3	197	3	314						
3	202	3	319						
3	208	3	320						
3	212	3	326						
3	213	3	328						
3	220	3	330						
3	225	3	337						
3	232	3	338						
3	237	3	339						
3	253	3	341						
3	256	3	349						
3	263	3	357						
3	269	3	358						
3	274	3	363						
3	282	3	364						
3	287	3	367						
3	288	3	375						
3	292	3	379						
3	298	3	380						
3	304	3	383						
3	308	3	388						
3	310	3	390						
3	311	3	391						
3	315	3	393						
3	316	3	397						
3	320	3	399						
3	328	3	403						
3	329	3	406						
3	331	3	407						
3	335	3	456						
3	345	3	457						
3	346	3	458						
3	352	3	464						
3	372	3	468						
3	392	3	469						
3	396	3	476						
3	405	3	479						
3	408	3	488						
3	413	3	489						
3	424	3	492						
3	433	3	567						
3	436	3	569						
3	457	3	571						
3	458	3	574						
3	462	3	629						
3	465	3	631						
3	467	3	634						
3	472	3	733						
3	474	3	735						
3	480	3	742						
3	482	3	743						
3	488	3	1092						
3	491	3	1094						
3	493	3	1096						
3	495	3	1097						
3	497	3	1102						
3	499	3	1103						
3	500	3	1172						
3	502	3	1177						
3	505	3	1178						
3	519	3	1183						
3	525	3	1187						
3	528	3	1192						
3	582	4	1197						
3	585	4	1201						
3	586	4	1204						
3	589	4	1206						
3	620	4	1214						
3	622	4	1216						
3	624	4	1220						
3	625	4	1223						
3	626	4	1224						
3	633	4	1229						
3	634	4	1231						
3	635	4	1233						
3	638	4	1237						
3	643	4	1238						
3	648	4	1244						
3	649	4	1248						
3	650	4	1252						
3	651	4	1254						
3	652	4	1259						
3	655	4	1265						
3	659	4	1266						
3	662	4	1267						
3	663	4	1268						
3	664	4	1270						
3	670	4	1276						
3	672	4	1277						
3	679	4	1278						
3	680	4	1279						
3	681	4	1290						
3	686	4	1291						
3	689	4	1292						
3	690	4	1293						
3	692	4	1296						
4	693	5	1298						
4	696	5	1300						
4	698	5	1304						
4	699	5	1307						
4	702	5	1311						
4	704	5	1312						
4	706	5	1318						
4	714	5	1322						
4	718	5	1323						
4	719	5	1327						
4	722	5	1336						
4	723	5	1337						
4	727	5	1338						
4	734	5	1340						
4	735	5	1343						
4	737	5	1347						
4	740	5	1349						
4	742	5	1354						
4	744	5	1359						
4	747	5	1362						
4	750	5	1363						
4	751	5	1365						
4	752	5	1366						
4	753	5	1368						
4	754	5	1371						
4	756	5	1373						
4	789	5	1377						
4	791	5	1381						
4	795	5	1384						
4	796	5	1386						
4	797	5	1392						
4	800	6	1394						
4	803	6	1401						
4	806	6	1408						
4	807	6	1415						
4	808	6	1416						
4	810	6	1417						
4	811	6	1419						
4	812	6	1420						
4	814	6	2027						
4	818	6	2029						
4	820	6	2031						
4	822	6	2040						
4	824	6	2044						
4	826	6	2050						
4	828	6	2054						
4	829	6	2056						
4	830	6	2061						
4	832	6	2063						
4	839	6	2070						
4	842	6	2071						
4	849	6	2074						
5	853	6	2078						
5	861	6	2277						
5	868	6	2278						
5	873	6	2282						
5	876	6	2284						
5	877	6	2285						
5	879	6	2288						
5	886	6	2289						
5	891	6	2328						
5	893	7	2331						
5	902	7	2335						
5	909	7	2336						
5	918	7	2339						
5	923	7	2343						
5	925	7	2344						
5	929	7	2346						
5	930	7	2347						
5	931	7	2354						
5	937	7	2359						
5	939	7	2366						
5	941	7	2368						
5	949	7	2374						
5	1148	8	2375						
5	1151	8	2377						
5	1156	8	2378						
5	1159	8	2380						
5	1161	8	2381						
5	1162	8	2382						
5	1163	8	2384						
5	1164	8	2387						
5	1169	8	2388						
5	1170	8	2389						
5	1171	8	2391						
5	1177	8	2394						
5	1180	8	2412						
5	1183	8	2417						
5	1184	9	2418						
5	1186	9	2421						
5	1188	9	2423						
5	1189	9	2426						
6	1191	9	2427						
6	1313	9	2429						
6	1314	10	2430						
6	1315	10	2432						
6	1322	10	2435						
6	1324	10	2437						
6	1325	10	2438						
6	1506	10	2440						
6	1508	10	2442						
6	1511	10	2443						
6	1513	10	2444						
6	1514	10	2446						
6	1517	10	2447						
6	1522	11	2456						
6	1523	11	2457						
6	1524	11	2461						
6	1530	11	2469						
6	1583	11	2473						
6	2063	11	2477						
6	2064	11	2481						
6	2068	11	2486						
6	2070	11	2513						
6	2071	11	2520						
6	2073	11	2525						
6	2074	11	2529						
6	2075	11	2530						
6	2076	11	2534						
6	2080	11	2537						
6	2082	11	2544						
6	2085	11	2547						
6	2086	11	2554						
6	2087	11	2558						
7	2088	12	2559						
7	2089	12	2560						
7	2092	12	2561						
7	2093	12	2562						
7	2096	12	2563						
7	2099	12	2564						
7	2101	12	2570						
7	2106	12	2573						
7	2108	12	2574						
7	2112	12	2577						
7	2115	12	2578						
7	2116	12	2579						
7	2118	12	2580						
7	2126	12	2596						
7	2127	12	2598						
7	2130	12	2599						
7	2131	12	2600						
7	2132	12	2601						
8	2137	12	2602						
8	2139	12	2604						
8	2140	13	2605						
8	2141	13	2611						
8	2142	13	2613						
8	2144	13	2616						
8	2146	13	2618						
8	2147	13	2619						
8	2152	13	2622						
8	2370	13	2625						
9	2371	13	2626						
9	2375	13	2627						
9	2382	13	2628						
9	2452	13	2629						
9	2454	13	2634						
9	2456	14	2641						
9	2457	15	20						
9	2459	15	26						
10	2460	15	48						
10	2464	15	55						
10	2467	15	59						
10	2469	15	115						
10	2471	15	118						
10	2473	15	122						
10	2479	15	123						
10	2480	15	124						
10	2481	15	126						
10	2482	15	130						
10	2485	15	134						
10	2487	15	135						
10	2493	15	136						
11	2495	15	139						
11	2498	15	142						
11	2499	15	145						
11	2512	15	146						
11	2514	15	149						
11	2517	15	151						
11	2519	15	153						
11	2524	15	160						
11	2525	15	165						
11	2527	15	171						
11	2528	15	173						
11	2529	15	175						
11	2530	15	189						
11	2535	15	191						
11	2537	15	195						
11	2538	15	198						
11	2540	15	200						
11	2541	15	205						
11	2543	15	206						
12	2544	15	214						
12	2549	15	219						
12	2551	15	224						
12	2556	15	225						
12	2557	15	226						
12	2562	15	227						
12	2565	15	229						
12	2567	15	233						
12	2571	15	234						
12	2573	15	239						
12	2575	15	242						
12	2576	15	246						
13	2580	15	248						
13	2582	15	254						
13	2584	15	257						
13	2585	15	260						
13	2586	15	268						
13	2587	15	270						
13	2592	15	275						
13	2594	15	276						
13	2599	15	277						
13	2600	15	278						
13	2601	15	280						
13	2602	15	283						
13	2604	15	287						
14	2605	15	293						
14	2606	15	298						
14	2608	15	301						
14	2609	15	307						
14	2611	15	308						
14	2612	15	310						
15	2613	15	317						
15	2618	15	318						
15	2619	15	321						
15	2620	15	322						
15	2622	15	324						
15	2624	15	328						
15	2626	15	332						
15	2627	15	335						
15	2636	15	535						
15	2637	15	539						
15	2639	15	545						
15	2640	15	549						
15	2645	15	552						
15	2650	15	566						
16	2656	15	568						
16	2792	15	574						
16	2794	15	577						
16	2799	15	648						
16	2801	15	649						
16	2802	15	650						
16	2805	15	652						
16	2809	15	653						
16	2811	15	654						
16	2817	15	676						
16	2818	15	679						
16	2823	15	684						
16	2829	15	685						
16	2831	15	692						
16	2838	15	693						
17	2842	15	694						
17	2844	15	697						
17	2846	15	700						
17	2847	15	708						
17	2850	15	709						
17	2853	15	710						
17	2856	15	713						
17	2858	15	714						
17	2859	15	720						
17	2860	15	721						
17	2869	15	722						
18	2871	15	729						
18	2876	15	730						
18	2877	15	732						
18	2879	15	735						
18	2883	15	736						
18	2884	15	740						
18	2886	15	746						
18	2888	15	749						
18	2889	15	750						
18	2891	15	752						
18	2896	15	753						
18	2898	16	761						
18	2900	16	764						
19	2904	16	768						
19	440	16	770						
20	25	16	772						
20	30	16	774						
20	32	16	782						
20	38	16	784						
20	41	16	786						
20	46	16	791						
20	47	16	794						
20	48	16	798						
20	49	16	799						
20	57	16	803						
20	59	16	807						
20	61	16	808						
20	64	16	815						
20	66	16	818						
20	68	16	819						
20	71	16	820						
20	72	16	822						
20	73	16	823						
20	74	16	825						
20	76	16	827						
20	78	16	832						
20	83	16	838						
20	88	16	839						
20	93	16	840						
20	98	16	841						
20	102	16	842						
20	103	16	844						
20	104	16	845						
20	106	16	847						
20	109	16	848						
20	112	16	849						
20	114	16	851						
20	115	16	854						
20	116	16	856						
20	117	16	866						
20	118	16	867						
20	119	16	871						
20	124	16	872						
20	130	16	873						
20	132	16	876						
20	137	16	881						
20	139	16	884						
20	141	16	888						
20	147	16	890						
20	152	16	892						
20	155	17	899						
20	159	17	903						
20	160	17	905						
20	161	17	906						
20	165	17	908						
20	169	17	911						
20	173	17	915						
20	176	17	916						
20	178	17	917						
20	179	17	919						
20	183	17	1336						
20	185	17	1344						
20	187	17	1367						
20	189	17	1374						
20	190	17	1375						
20	193	17	1379						
20	194	17	1384						
20	195	17	1385						
20	196	17	1386						
20	197	17	1389						
20	198	17	1394						
20	200	17	1396						
20	202	17	1397						
20	204	17	1401						
20	208	17	1404						
20	212	17	1405						
20	213	17	1409						
20	216	17	1413						
20	219	17	1416						
20	221	17	1421						
20	222	17	1423						
20	223	17	1425						
20	228	17	1426						
20	232	17	1427						
20	234	17	1428						
20	237	17	1431						
20	238	17	1433						
20	239	17	1434						
20	240	17	1437						
20	245	17	1442						
20	249	17	1448						
20	251	18	1449						
20	262	18	1452						
20	268	18	1459						
20	273	18	1467						
20	274	18	1468						
20	275	18	1473						
20	276	18	1475						
20	281	18	1477						
20	282	18	1487						
20	283	18	1490						
20	286	18	1492						
20	287	18	1493						
20	294	18	1495						
20	301	18	1497						
20	304	18	1498						
20	305	18	1499						
20	306	18	1502						
20	313	18	1503						
20	314	18	1505						
20	320	18	1506						
20	324	18	1507						
20	325	18	1516						
20	326	18	1517						
20	331	18	1521						
20	334	18	1522						
20	335	18	1524						
20	338	18	1526						
20	339	18	1528						
20	345	19	1529						
20	348	19	1531						
20	350	19	1533						
20	355	19	1534						
20	360	19	1536						
20	363	19	1539						
20	365	19	1547						
20	384	19	1551						
20	496	19	1553						
20	497	19	1558						
20	501	19	2043						
20	503	19	2044						
20	504	19	2045						
20	505	19	2048						
20	506	19	2049						
20	509	19	2050						
20	673	19	2054						
20	675	19	2059						
20	676	20	21						
20	678	21	193						
20	679	21	199						
20	682	21	202						
20	683	21	203						
20	688	21	204						
20	692	21	209						
20	693	21	214						
20	694	21	216						
20	696	21	217						
20	698	21	218						
20	700	21	220						
20	708	21	228						
20	710	21	232						
20	711	21	233						
20	713	21	237						
21	715	21	241						
21	717	21	245						
21	719	21	247						
21	722	21	249						
21	723	21	250						
21	726	21	253						
21	733	21	258						
21	738	21	264						
21	741	21	270						
21	744	21	272						
21	745	21	275						
21	749	21	276						
21	754	21	280						
21	761	21	284						
21	763	21	285						
21	766	21	290						
21	772	21	292						
21	773	21	295						
21	774	21	299						
21	775	21	307						
21	779	21	310						
21	782	21	317						
21	789	21	322						
21	796	21	325						
21	801	21	331						
21	804	21	337						
21	805	21	339						
21	808	21	343						
21	811	21	373						
21	813	21	375						
21	819	21	377						
21	820	21	381						
21	821	21	382						
21	823	21	386						
21	824	21	387						
21	825	21	388						
21	826	21	392						
21	828	21	398						
21	829	21	401						
21	831	21	402						
21	836	21	429						
21	842	21	433						
21	848	21	437						
21	852	21	439						
21	856	21	444						
21	858	21	448						
22	862	21	449						
22	865	21	450						
22	868	21	454						
22	875	21	457						
22	879	21	458						
22	881	21	464						
22	883	21	672						
22	892	21	674						
22	900	21	676						
22	904	21	677						
22	906	21	940						
22	907	21	944						
22	911	21	948						
22	912	21	956						
22	916	21	959						
22	917	21	960						
22	918	21	966						
22	920	21	969						
22	921	21	970						
22	923	21	973						
22	929	21	977						
22	930	21	980						
22	931	21	982						
22	933	21	984						
22	936	21	986						
22	940	21	987						
22	944	22	990						
22	948	22	993						
22	955	22	996						
22	956	22	997						
22	957	22	1001						
22	959	22	1002						
22	960	22	1010						
22	961	22	1019						
22	962	22	1023						
22	964	22	1026						
22	965	22	1030						
22	967	22	1038						
22	975	22	1040						
22	976	22	1042						
22	979	22	1045						
22	980	22	1046						
22	983	22	1049						
22	984	22	1052						
22	988	22	1053						
22	989	22	1054						
22	991	22	1059						
22	993	22	1065						
22	994	22	1066						
22	995	22	1067						
22	996	22	1073						
22	997	22	1077						
23	999	22	1079						
23	1001	22	1086						
23	1005	22	1087						
23	1007	22	1088						
23	1013	22	1092						
23	1017	22	1098						
23	1021	22	1100						
23	1026	22	1105						
23	1027	22	1106						
23	1032	22	1109						
23	1036	22	1112						
23	1042	22	1117						
23	1043	22	1121						
23	1048	22	1128						
23	1050	22	1132						
23	1052	22	1137						
23	1054	22	1142						
23	1055	22	1146						
23	1060	22	1148						
23	1063	22	1149						
23	1179	23	1150						
23	1184	23	1159						
23	1185	23	1162						
23	1186	23	1163						
23	1187	23	1164						
23	1188	23	1166						
23	1189	23	1171						
23	1190	23	1173						
23	1191	23	1175						
23	1192	23	1177						
23	1195	23	1180						
23	1198	23	1181						
23	1199	23	1184						
23	1200	23	1185						
23	1202	23	1186						
23	1205	23	1187						
23	1206	23	1194						
23	1210	23	1199						
23	1213	23	1200						
23	1216	23	1202						
23	1220	23	1206						
23	1226	23	1208						
24	1229	23	1209						
24	1234	23	1216						
24	1236	23	1226						
24	1237	23	1227						
24	1242	23	1231						
24	1247	23	1232						
24	1249	23	1237						
24	1250	23	1242						
24	1258	23	1247						
24	1262	23	1248						
24	1263	23	1253						
24	1266	23	1259						
24	1269	23	1261						
24	1271	23	1262						
24	1274	23	1268						
24	1276	23	1269						
24	1277	24	1270						
24	1280	24	1271						
24	1281	24	1272						
24	1282	24	1273						
24	1283	24	1277						
24	1286	24	1278						
24	1287	24	1282						
24	1288	24	1284						
24	1290	24	1285						
24	1295	24	1289						
24	1296	24	1293						
24	1299	24	1297						
24	1300	24	1298						
25	1304	24	1301						
25	1305	24	1304						
25	1306	24	1305						
25	1307	24	1309						
25	1309	24	1314						
25	1311	24	1319						
25	1313	24	1321						
25	1315	24	1325						
25	1316	24	1326						
25	1318	24	1327						
25	1320	24	1328						
25	1323	24	1330						
25	1326	24	1331						
25	274	24	1335						
26	24	24	1336						
26	28	24	1337						
26	31	24	1338						
26	35	24	1339						
26	40	25	1340						
26	45	25	1341						
26	46	25	1346						
26	47	25	1347						
26	48	25	1350						
26	49	25	1357						
26	50	25	1358						
26	52	25	1359						
26	53	25	1362						
26	55	25	1367						
26	57	25	1369						
26	59	25	1370						
26	60	25	1373						
26	61	25	1380						
26	62	25	1384						
26	67	25	1385						
26	70	25	1386						
26	77	25	1390						
26	83	25	1392						
26	86	25	1393						
26	94	25	1397						
26	102	25	1399						
26	108	25	1403						
26	110	25	1407						
26	111	25	1408						
26	116	25	1410						
26	117	25	1416						
26	119	25	1418						
26	125	25	1419						
26	131	25	1421						
26	132	26	1422						
26	136	26	1429						
26	147	26	1436						
26	151	26	1437						
26	152	26	27						
26	154	27	28						
26	157	27	29						
26	160	27	31						
26	161	27	38						
26	164	27	43						
26	171	27	44						
26	175	27	48						
26	179	27	49						
26	184	27	50						
26	190	27	51						
26	192	27	53						
26	198	27	56						
26	201	27	62						
26	205	27	63						
26	211	27	71						
26	214	27	72						
26	217	27	75						
26	221	27	81						
26	223	27	86						
26	224	27	90						
26	230	27	92						
26	235	27	97						
26	240	27	99						
26	241	27	100						
26	244	27	105						
26	245	27	108						
26	250	27	111						
26	257	27	118						
26	259	27	119						
26	262	27	121						
26	266	27	124						
26	272	27	126						
26	274	27	127						
26	276	27	132						
26	278	27	133						
26	279	27	134						
26	280	27	139						
26	284	27	141						
26	287	27	146						
26	294	27	147						
26	296	27	151						
26	300	27	152						
26	303	27	160						
26	307	27	161						
26	309	27	163						
26	311	27	164						
26	315	27	165						
26	320	27	172						
26	325	27	178						
26	328	27	179						
26	332	27	246						
26	348	27	250						
26	350	27	254						
26	354	27	260						
26	355	27	265						
26	358	27	272						
26	363	27	280						
26	366	27	288						
26	372	27	291						
26	373	27	297						
26	377	27	300						
26	381	27	301						
26	384	27	305						
26	388	27	307						
26	393	27	310						
26	394	27	312						
26	396	27	313						
26	400	27	318						
26	401	27	322						
26	402	27	325						
26	407	27	328						
26	408	27	329						
26	409	27	332						
26	410	27	333						
26	411	27	338						
26	414	27	345						
26	415	27	349						
26	416	27	351						
26	421	27	354						
26	423	27	357						
26	425	27	359						
26	426	27	362						
26	427	27	364						
26	453	27	366						
26	454	27	374						
26	458	27	552						
26	462	27	553						
26	467	27	556						
26	468	27	562						
26	475	27	566						
26	479	27	573						
26	480	27	578						
26	486	27	583						
26	488	27	586						
26	490	27	587						
26	498	27	588						
26	504	27	597						
26	512	27	598						
26	513	27	603						
26	515	27	607						
26	519	27	608						
26	520	27	609						
26	526	27	612						
26	528	27	614						
27	531	27	618						
27	532	27	757						
27	534	27	760						
27	535	27	761						
27	537	27	769						
27	615	27	879						
27	620	27	917						
27	621	27	918						
27	622	27	928						
27	632	27	929						
27	633	27	932						
27	634	27	933						
27	639	27	934						
27	640	27	935						
27	642	27	939						
27	644	27	940						
27	653	27	944						
27	658	27	945						
27	665	27	946						
27	668	28	948						
27	670	28	952						
27	672	28	959						
27	673	28	964						
27	675	28	965						
27	679	28	968						
27	682	28	972						
27	683	28	976						
27	685	28	978						
27	687	28	979						
27	691	28	981						
27	696	28	982						
27	700	28	989						
27	706	28	990						
27	712	28	992						
27	717	28	998						
27	720	28	999						
27	722	28	1000						
27	723	28	1010						
27	726	28	1018						
27	731	28	1021						
27	736	28	1031						
27	739	28	1033						
27	741	28	1036						
27	743	28	1037						
27	744	28	1089						
27	746	28	1101						
27	752	28	1103						
27	754	28	1112						
27	755	28	1113						
27	759	28	1119						
27	760	28	1122						
27	761	28	1128						
27	762	28	1130						
27	764	28	1134						
27	766	29	1135						
27	767	29	1136						
27	772	29	1137						
27	773	29	1139						
27	776	29	1143						
27	778	29	1148						
27	779	29	1150						
27	783	29	1155						
27	790	29	1158						
27	792	29	1162						
28	796	29	1166						
28	805	29	1169						
28	808	29	1170						
28	813	29	1174						
28	816	29	1175						
28	819	29	1176						
28	823	29	1178						
28	826	29	1180						
28	830	29	1183						
28	831	29	1187						
28	832	29	1192						
28	834	29	1193						
28	835	29	1200						
28	838	29	1203						
28	841	29	1206						
28	843	29	1207						
28	851	29	1210						
28	852	29	1217						
28	853	29	1223						
28	857	29	1230						
28	858	29	1235						
28	859	29	1239						
28	861	29	1243						
28	868	29	1244						
28	871	29	1248						
28	875	29	1250						
28	879	29	1251						
28	881	29	1258						
28	886	29	1260						
28	891	29	1262						
28	894	29	1264						
28	901	29	1266						
28	904	29	1273						
28	905	29	1275						
28	909	29	1277						
28	912	29	1281						
28	918	29	1286						
28	923	29	1287						
28	924	29	1289						
28	929	29	1290						
28	931	29	1291						
28	934	29	1292						
28	936	30	1294						
28	941	30	1301						
28	943	30	1302						
28	947	30	1304						
28	949	30	1305						
28	952	30	1306						
29	956	30	1328						
29	960	30	1330						
29	963	30	1331						
29	968	30	1332						
29	969	30	1334						
29	970	30	1335						
29	971	30	1336						
29	973	30	1337						
29	976	30	1339						
29	977	30	1345						
29	979	30	1346						
29	980	30	1349						
29	981	30	1351						
29	983	30	1353						
29	986	30	1355						
29	988	30	1356						
29	990	30	1361						
29	994	30	1365						
29	1001	30	1369						
29	1003	30	1371						
29	1005	30	1373						
29	1009	30	1379						
29	1010	30	1385						
29	1012	30	1386						
29	1013	30	1387						
29	1014	30	1388						
29	1015	30	1392						
29	1016	30	1394						
29	1017	30	1396						
29	1019	31	1397						
29	1021	31	1400						
29	1022	31	1406						
29	1024	31	1434						
29	1025	31	1437						
29	1026	31	1441						
29	1027	31	1442						
29	1029	31	1443						
29	1030	31	1449						
29	1031	31	1450						
29	1035	31	1451						
29	1036	31	1452						
29	1037	31	1454						
29	1041	31	1455						
29	1044	31	1458						
29	1045	31	1467						
29	1047	31	1470						
29	1050	31	1471						
29	1052	31	1472						
29	1054	31	1481						
29	1059	31	1485						
29	1060	31	1486						
29	1069	31	1487						
29	1070	31	1490						
29	1075	31	1496						
29	1076	31	1497						
29	1077	31	1503						
29	1079	31	1506						
30	1086	31	1510						
30	1088	32	21						
30	1089	33	25						
30	1090	33	27						
30	1092	33	28						
30	1095	33	33						
30	1102	33	39						
30	1106	33	42						
30	1110	33	44						
30	1111	33	48						
30	1112	33	49						
30	1113	33	50						
30	1119	33	81						
30	1120	33	83						
30	1125	33	86						
30	1126	33	90						
30	1129	33	96						
30	1131	33	101						
30	1153	33	103						
30	1154	33	105						
30	1158	33	108						
30	1160	33	109						
30	1162	33	114						
30	1164	33	116						
30	1166	33	117						
30	1169	33	120						
30	1171	33	126						
30	1172	33	129						
30	1174	33	131						
30	1178	33	134						
30	1180	33	138						
30	1182	33	140						
30	1190	33	144						
30	1193	33	151						
30	1195	33	156						
30	1196	33	163						
30	1198	33	165						
30	1200	33	167						
30	1205	33	168						
30	1206	33	175						
30	1211	33	179						
31	1214	33	183						
31	1221	33	186						
31	1222	33	189						
31	1224	33	194						
31	1228	33	196						
31	1231	33	201						
31	1233	33	204						
31	1235	33	208						
31	1237	33	210						
31	1238	33	213						
31	1241	33	215						
31	1246	33	217						
32	24	33	220						
32	26	33	225						
32	30	33	231						
32	37	33	233						
32	43	33	240						
32	44	33	245						
32	46	33	251						
32	47	33	255						
32	48	33	261						
32	55	33	271						
32	113	33	272						
32	114	33	273						
32	115	33	280						
32	119	33	281						
32	125	33	287						
32	126	33	288						
32	130	33	289						
32	134	33	297						
32	136	33	298						
32	179	33	307						
32	182	33	308						
32	186	33	330						
32	191	33	331						
32	194	33	482						
32	199	33	572						
32	200	33	577						
32	203	33	581						
32	210	33	926						
32	212	33	927						
32	218	33	1253						
32	334	33	1255						
32	335	33	1257						
32	337	33	1258						
32	341	33	1425						
32	346	33	1426						
32	351	33	1429						
32	356	33	1435						
32	358	33	1440						
32	366	33	1444						
32	370	33	1446						
32	371	33	1450						
32	377	33	1452						
32	384	33	1453						
32	385	33	1454						
32	391	33	1458						
32	394	33	1465						
32	398	33	1470						
32	399	33	1475						
32	402	34	1479						
32	406	34	1480						
32	408	34	1484						
32	409	34	1485						
32	411	34	1486						
32	417	34	1495						
32	418	34	1499						
32	419	34	1502						
32	422	34	1509						
32	427	34	1510						
32	429	34	1517						
32	430	34	1524						
32	431	34	1532						
32	434	34	1538						
32	435	34	1541						
32	440	34	1545						
32	449	34	1547						
32	454	34	1549						
32	459	34	1550						
32	460	34	1551						
32	500	34	1554						
32	503	34	1556						
32	506	34	1557						
32	509	34	1559						
32	512	34	1561						
32	514	34	1562						
32	515	34	1563						
32	517	34	1565						
32	697	34	1569						
32	713	35	1573						
32	716	35	1575						
32	722	35	1577						
32	723	35	1578						
32	728	35	1579						
32	730	35	1581						
32	731	35	1587						
32	735	35	1592						
32	736	35	1597						
32	738	35	1600						
32	743	35	1603						
32	750	35	1604						
32	756	35	1610						
32	766	35	1611						
32	767	35	1612						
32	768	35	1615						
32	770	35	1618						
32	771	35	1619						
32	774	35	1621						
32	782	35	1623						
32	784	35	1625						
32	785	35	1626						
32	790	35	1628						
32	791	35	1631						
32	792	35	1632						
32	793	35	1633						
33	794	35	1636						
33	801	35	1639						
33	802	35	1640						
33	804	35	1642						
33	808	35	1643						
33	816	35	1646						
33	823	35	1650						
33	830	35	1651						
33	832	36	1652						
33	836	36	1660						
33	837	36	1662						
33	846	36	1664						
33	1096	36	1666						
33	1100	36	1669						
33	1103	36	1672						
33	1110	36	1674						
33	1111	36	1680						
33	1112	36	1682						
33	1113	36	1684						
33	1116	36	1687						
33	1124	36	1689						
33	1130	36	1697						
33	1135	36	1698						
33	1144	36	1700						
33	1151	36	1701						
33	1152	36	1702						
33	1153	36	1703						
33	1156	36	1704						
33	1157	37	1706						
33	1159	37	1709						
33	1160	37	1710						
33	1163	37	1712						
33	1165	37	1721						
34	1168	37	1722						
34	1169	37	1727						
34	1171	37	1730						
34	1175	37	1738						
34	1180	37	1743						
34	1183	37	1745						
34	1186	37	1746						
34	1191	38	26						
34	1192	38	29						
34	1197	38	34						
34	1198	38	35						
34	1202	38	43						
34	1203	38	44						
34	1204	38	45						
34	1205	38	46						
34	1213	38	47						
34	1216	38	57						
34	1219	38	65						
34	1222	38	68						
34	1224	38	71						
34	1231	38	73						
34	1233	38	75						
34	1237	38	79						
34	1244	38	87						
34	1247	38	89						
34	1250	38	90						
34	1255	38	94						
34	1258	38	98						
34	1260	38	99						
34	1265	38	106						
34	1267	38	112						
34	1271	38	118						
34	1272	38	119						
34	1276	38	126						
34	1278	38	130						
34	1283	38	138						
34	1285	38	146						
34	1286	38	151						
34	1287	38	154						
34	1288	38	156						
34	1290	38	158						
34	1291	38	164						
34	1299	38	165						
34	1300	38	171						
34	1302	38	172						
34	1303	38	173						
34	1305	38	184						
35	1306	38	187						
35	1307	38	190						
35	1308	38	194						
35	1311	38	197						
35	1313	38	198						
35	1315	38	199						
35	1317	38	280						
35	1318	38	283						
35	1320	38	284						
35	1323	38	286						
35	1326	38	289						
35	1331	38	291						
35	1335	38	297						
35	1340	38	299						
35	1344	38	303						
35	1345	38	307						
35	1348	38	308						
35	1352	38	313						
35	1355	38	314						
35	1358	38	321						
35	1363	38	328						
35	1369	38	332						
35	1370	38	338						
35	1373	38	343						
35	1379	38	347						
35	1382	38	351						
35	1390	38	353						
35	1391	38	357						
35	1392	38	360						
35	1393	38	362						
35	1394	38	365						
35	1398	38	368						
35	1400	38	373						
35	1409	38	376						
36	1411	38	377						
36	1412	38	378						
36	1416	38	379						
36	1417	38	382						
36	1422	38	386						
36	1427	38	387						
36	1428	38	388						
36	1429	38	389						
36	1431	38	390						
36	1434	38	391						
36	1435	38	393						
36	1441	38	394						
36	1446	38	397						
36	1448	38	528						
37	21	38	535						
37	27	38	536						
37	33	38	599						
37	34	38	602						
37	35	38	614						
37	42	38	615						
37	44	38	616						
37	45	38	617						
37	46	38	621						
37	47	38	624						
37	48	38	625						
37	154	38	626						
37	155	39	627						
37	156	39	632						
37	158	39	635						
37	162	39	642						
37	165	39	644						
37	167	39	647						
37	174	39	652						
37	179	39	655						
37	180	39	658						
37	182	39	659						
37	188	39	661						
37	190	39	664						
37	196	39	667						
37	201	39	669						
37	207	39	670						
37	208	39	672						
37	212	39	676						
37	215	39	677						
37	218	39	684						
37	223	39	690						
37	226	39	692						
37	229	39	693						
37	231	39	694						
37	232	39	696						
37	234	39	697						
37	236	39	698						
37	238	39	701						
37	245	39	702						
37	247	39	704						
37	251	39	708						
37	254	39	709						
37	256	39	711						
37	262	39	712						
37	267	39	713						
37	270	39	717						
37	275	39	720						
37	280	39	721						
37	288	39	724						
37	292	39	730						
37	295	39	733						
37	296	39	735						
37	297	39	737						
37	304	39	738						
37	313	39	739						
37	316	39	741						
37	321	39	743						
37	323	39	745						
37	327	39	748						
37	328	39	751						
37	334	39	753						
37	335	39	755						
37	337	39	761						
37	339	39	762						
37	340	39	767						
37	342	39	973						
37	344	39	976						
37	352	39	977						
37	362	40	980						
37	363	40	982						
37	364	40	984						
37	367	40	987						
37	368	40	988						
37	370	40	989						
37	371	40	990						
37	373	40	994						
37	378	40	995						
37	380	40	996						
37	381	40	997						
37	386	40	998						
37	388	40	999						
37	395	40	1001						
37	398	40	1007						
37	404	40	1010						
37	406	40	1012						
37	413	40	1013						
37	419	40	1014						
37	421	40	1015						
37	425	40	1022						
37	426	40	1026						
37	427	40	1030						
37	429	40	1033						
37	432	40	1034						
37	441	40	1036						
37	443	40	1041						
37	448	40	1044						
37	450	40	1045						
37	451	40	1046						
37	452	40	1048						
37	460	40	1051						
37	465	40	1053						
37	470	40	1055						
37	471	40	1057						
37	473	40	1058						
37	475	40	1064						
37	480	40	1065						
38	483	40	1066						
38	485	40	1068						
38	488	40	1076						
38	490	40	1077						
38	491	40	1080						
38	494	40	1081						
38	499	40	1089						
38	501	40	1090						
38	503	41	1091						
38	504	41	1113						
38	508	41	1116						
38	510	41	1117						
38	512	41	1119						
38	513	41	1120						
38	514	41	1124						
38	518	41	1130						
38	523	41	1131						
38	525	41	1135						
38	526	41	1137						
38	529	41	1141						
38	530	41	1142						
38	531	41	1149						
38	532	41	1150						
38	536	41	1154						
38	542	41	1155						
38	543	41	1159						
38	544	41	1160						
38	551	41	1164						
38	553	41	1165						
38	555	41	1171						
38	559	42	21						
38	561	42	28						
38	562	42	29						
38	566	42	34						
38	571	42	38						
38	573	42	40						
38	577	42	42						
38	581	42	44						
38	583	42	47						
38	584	42	48						
38	585	42	55						
38	586	42	61						
38	587	42	63						
38	589	42	64						
38	590	42	67						
38	591	42	72						
38	594	42	77						
38	596	42	81						
38	600	42	88						
38	606	42	94						
38	612	42	100						
38	614	42	102						
38	618	42	106						
38	622	42	107						
38	624	42	108						
38	632	42	111						
38	640	42	115						
38	646	42	118						
38	649	42	121						
38	652	42	126						
38	653	42	132						
38	654	42	139						
38	655	42	141						
38	657	42	147						
38	661	42	149						
38	668	42	152						
38	670	42	156						
38	673	42	160						
38	674	42	166						
38	676	42	174						
38	679	42	178						
38	682	42	180						
39	686	42	188						
39	691	42	193						
39	694	42	194						
39	696	42	199						
39	700	42	207						
39	708	42	208						
39	710	42	212						
39	719	42	218						
39	721	42	219						
39	726	42	221						
39	729	42	224						
39	732	42	229						
39	736	42	233						
39	745	42	234						
39	747	42	239						
39	750	42	246						
39	753	42	248						
39	760	42	254						
39	765	42	261						
39	1050	42	266						
39	1051	42	272						
39	1061	42	273						
39	1062	42	274						
39	1064	42	277						
39	1066	43	366						
39	1067	43	371						
39	1068	43	375						
39	1070	43	376						
39	1074	43	382						
39	1077	43	385						
39	1078	43	390						
39	1079	43	393						
39	1082	43	394						
39	1085	43	396						
39	1086	43	399						
39	1087	43	401						
39	1093	43	412						
39	1095	43	417						
39	1096	43	418						
39	1102	43	433						
39	1103	43	441						
39	1104	43	443						
39	1107	43	446						
39	1108	43	450						
39	1109	43	455						
39	1112	43	463						
39	1117	43	465						
39	1118	43	473						
39	1120	43	475						
39	1122	43	477						
39	1123	43	479						
39	1127	43	483						
39	1130	43	485						
39	1131	43	486						
39	1133	43	487						
39	1137	43	489						
39	1140	43	505						
39	1142	43	514						
39	1145	43	519						
39	1149	43	523						
39	1156	43	524						
39	1159	43	526						
39	1160	43	536						
39	1169	43	541						
39	1179	43	544						
40	1182	43	547						
40	1183	43	549						
40	1188	43	550						
40	1190	43	552						
40	1192	43	553						
40	1195	43	554						
40	1199	43	555						
40	1202	43	556						
40	1204	43	560						
40	1206	43	567						
40	1207	43	568						
40	1208	43	569						
40	1211	43	572						
40	1212	43	578						
40	1214	43	580						
40	1215	43	582						
40	1216	43	589						
40	1222	43	590						
40	1227	43	594						
40	1228	43	598						
40	1235	43	618						
40	1236	43	619						
40	1242	43	622						
40	1247	43	625						
40	1250	43	626						
40	1258	43	628						
40	1259	43	655						
40	1265	43	659						
40	1273	43	661						
41	22	43	664						
41	24	43	667						
41	25	43	674						
41	27	43	678						
41	34	43	679						
41	40	43	683						
41	43	43	692						
41	44	43	693						
41	45	43	698						
41	46	43	700						
41	47	43	707						
41	48	43	710						
41	49	43	711						
41	54	43	717						
41	55	43	719						
41	58	43	721						
41	60	43	722						
41	67	43	724						
41	74	43	726						
41	76	43	729						
41	77	44	733						
41	78	44	735						
41	84	44	740						
41	86	44	741						
41	92	44	757						
41	96	44	760						
41	97	44	763						
41	99	44	767						
41	101	44	768						
41	103	44	770						
41	112	44	771						
41	117	44	774						
41	121	44	776						
41	124	44	777						
41	130	44	780						
41	135	44	782						
41	136	44	787						
41	140	44	791						
41	144	44	792						
41	147	44	796						
41	151	44	797						
41	152	44	802						
41	158	44	806						
41	166	44	813						
41	167	44	814						
41	168	44	815						
41	172	44	817						
41	176	44	819						
41	182	44	820						
41	183	44	822						
41	185	44	823						
41	193	44	824						
41	201	44	826						
41	205	44	828						
41	209	44	834						
41	212	44	835						
41	213	44	837						
41	220	44	838						
41	222	44	839						
41	224	44	842						
41	225	44	843						
41	232	44	846						
41	234	44	853						
41	241	44	854						
41	244	45	856						
41	246	45	858						
41	254	45	862						
41	260	45	863						
41	280	45	865						
41	281	45	867						
41	284	45	869						
41	291	45	870						
42	294	45	871						
42	299	45	874						
42	303	45	876						
42	305	45	880						
42	308	45	882						
42	310	45	884						
42	313	45	885						
42	317	45	890						
42	319	45	894						
42	320	45	898						
42	322	45	903						
42	323	45	909						
42	326	45	912						
42	329	45	918						
42	330	45	921						
42	331	45	926						
42	333	45	927						
42	340	45	928						
42	344	45	933						
42	349	45	935						
42	358	45	939						
42	360	45	940						
42	361	45	941						
42	362	45	945						
42	366	45	946						
42	370	46	948						
42	373	46	955						
42	382	46	962						
42	384	46	968						
42	386	46	969						
42	387	46	972						
42	390	46	975						
42	393	46	980						
42	397	46	985						
42	400	46	986						
42	407	46	988						
42	408	46	990						
42	410	46	994						
42	411	46	997						
42	412	46	999						
42	414	46	1000						
42	420	46	1004						
42	424	46	1021						
42	426	46	1025						
42	430	46	1032						
42	437	46	1033						
42	446	46	1035						
42	447	46	1040						
42	455	46	1041						
42	457	46	1042						
42	460	46	1063						
42	464	46	1064						
42	468	46	1068						
42	470	46	1074						
42	474	46	1076						
42	476	46	1082						
42	477	46	1090						
42	478	46	1098						
42	480	46	1103						
42	482	46	1109						
42	485	46	1111						
42	487	46	1112						
42	494	46	1117						
42	498	46	1118						
42	499	46	1119						
42	501	46	1124						
42	504	46	1131						
42	506	47	1133						
42	507	47	1137						
42	509	47	1139						
42	513	47	1143						
42	515	47	1151						
42	518	47	1152						
42	519	47	1159						
42	521								
42	528								
42	532								
42	535								
42	536								
42	538								
42	545								
42	552								
42	554								
42	560								
42	562								
42	564								
42	565								
42	567								
42	570								
42	573								
42	575								
42	628								
42	633								
42	640								
42	641								
42	647								
42	650								
42	651								
42	652								
42	657								
42	661								
42	666								
42	668								
42	669								
42	673								
43	675								
43	677								
43	682								
43	686								
43	689								
43	692								
43	694								
43	695								
43	696								
43	698								
43	703								
43	705								
43	707								
43	709								
43	713								
43	715								
43	717								
43	719								
43	723								
43	725								
43	729								
43	730								
43	732								
43	733								
43	734								
43	735								
43	736								
43	737								
43	738								
43	742								
43	745								
43	746								
43	750								
43	752								
43	754								
43	755								
43	758								
43	759								
44	760								
44	763								
44	767								
44	773								
44	774								
44	776								
44	778								
44	779								
44	780								
44	782								
44	784								
44	785								
44	786								
44	787								
44	788								
44	793								
44	794								
44	798								
44	801								
44	806								
44	808								
44	811								
44	813								
44	818								
44	819								
44	820								
44	822								
44	827								
44	829								
44	842								
44	847								
45	849								
45	850								
45	851								
45	853								
45	854								
45	855								
45	856								
45	860								
45	863								
45	866								
45	868								
45	870								
45	872								
45	873								
45	875								
45	880								
45	887								
45	893								
45	899								
45	901								
45	909								
45	911								
45	915								
45	922								
45	924								
45	929								
45	934								
45	937								
45	938								
45	943								
45	945								
45	949								
45	951								
45	953								
45	955								
45	960								
45	966								
45	970								
45	979								
45	982								
45	983								
45	984								
45	1017								
45	1024								
45	1027								
45	1032								
45	1033								
45	1040								
45	1043								
45	1045								
45	1048								
45	1049								
45	1050								
46	1051								
46	1056								
46	1058								
46	1061								
46	1062								
46	1063								
46	1064								
46	1067								
46	1070								
