0	14	0	14	0	1000	0	2000	0	4000
1	236	0	57	134	1000	58	2000	45	4000
1	237	0	60						
1	265	0	230						
1	464	0	453						
1	466	0	946						
1	470	0	1104						
1	474	0	1105						
1	794	0	1441						
1	1500	0	1444						
1	1526	0	1446						
1	1538	0	1447						
1	1541	0	1448						
1	1543	0	1451						
1	1544	0	1455						
1	2554	0	1456						
1	2959	1	1457						
1	2961	1	1458						
1	2964	1	1459						
1	2967	1	1468						
1	2970	1	1471						
2	2972	1	1472						
2	2973	1	1475						
2	2974	1	1478						
2	2975	1	1483						
2	2976	1	1488						
2	5058	1	1489						
2	5062	1	1492						
2	5063	1	1494						
3	5067	1	1496						
3	5068	1	1606						
3	5069	1	1610						
3	5070	1	1615						
3	5105	1	1616						
3	5106	1	1619						
3	5107	1	1620						
3	5109	1	1623						
4	5110	1	1624						
4	5111	1	1627						
4	5113	1	2902						
4	5120	1	2905						
4	5123	2	2907						
4	5125	2	2909						
5	5126	2	2910						
5	5130	2	2912						
5	5131	2	2916						
5	5135	2	2917						
5	5140	2	2918						
5	5143	2	2922						
5	5147	2	2942						
5	5148	2	2944						
5	5151	2	2949						
5	5154	2	2950						
5	5155	2	2951						
6	5156	2	2953						
6	5157	2	2954						
6	5159	3	2958						
6	5806	3	2963						
6	5807	3	2970						
7	631	3	2972						
7	632	3	2975						
7	635	3	2976						
7	638	3	2979						
7	643	3	2981						
7	647	3	2983						
7	648	3	2986						
7	649	3	2987						
7	651	3	2988						
7	657	3	2990						
7	658	3	2994						
7	664	4	2995						
7	665	4	2997						
7	671	4	2998						
7	672	4	2999						
7	674	4	3000						
7	678	4	3001						
7	682	4	3005						
7	688	4	3006						
7	691	4	3007						
7	693	4	3009						
7	695	4	3010						
7	697	4	3015						
7	699	4	3020						
7	704	4	3021						
7	705	5	3023						
7	708	5	3026						
7	712	5	3027						
7	716	5	3029						
7	718	5	3031						
7	721	5	3033						
7	724	5	3036						
7	727	5	3041						
7	731	5	3042						
7	734	5	3043						
7	735	6	3044						
7	736	6	3048						
7	738	6	3052						
7	739	6	3057						
7	744	6	3058						
7	745	6	3059						
7	748	6	3060						
8	756	6	3061						
8	758	6	3063						
8	764	6	3069						
8	768	7	3070						
8	772	7	3072						
8	773	7	3074						
8	781	7	3076						
8	783	7	3077						
8	790	7	3082						
8	792	7	3083						
8	799	7	3085						
8	802	7	3086						
8	803	7	3087						
8	804	7	3093						
8	806	8	3095						
8	807	8	3097						
8	813	8	3104						
8	815	8	3106						
8	817	9	3109						
8	819	9	3112						
8	821	9	3113						
8	823	9	3120						
8	824	9	3122						
8	825	9	3128						
8	828	9	3131						
8	835	9	3132						
8	837	9	3134						
8	838	9	3137						
8	841	10	3138						
8	844	10	3141						
8	847	10	3144						
8	851	10	3148						
8	854	10	3150						
8	858	10	3164						
8	860	10	3165						
8	864	10	3171						
8	866	10	3176						
8	867	10	3178						
8	868	10	3179						
8	869	10	3182						
8	871	10	3185						
8	872	10	3186						
8	876	10	3187						
8	877	11	3189						
8	881	11	3219						
9	886	11	3223						
9	887	11	3226						
9	891	11	3230						
9	893	11	3233						
9	897	11	3234						
9	903	11	3235						
9	905	11	3236						
9	909	11	3237						
9	913	11	3238						
9	916	12	3241						
9	922	12	3244						
9	923	12	3245						
9	924	12	3246						
9	928	12	3249						
9	930	12	3254						
9	934	13	3255						
9	941	13	3257						
9	946	13	3259						
9	948	13	3261						
9	949	14	3263						
9	951	14	3264						
9	953	14	3504						
9	958	14	3509						
9	960	14	3510						
9	965	14	3511						
9	969	14	3515						
9	971	15	3521						
9	974	15	3522						
9	975	15	3523						
9	977	15	3524						
9	982	15	3525						
9	990	15	3526						
9	994	15	3530						
9	1001	15	3531						
9	1008	15	3537						
9	1012	15	3539						
9	1015	15	3541						
9	1017	15	3543						
9	1019	16	3548						
9	1020	16	3549						
9	1024	16	3550						
9	1027	16	3552						
9	1043	16	3553						
9	1112	16	3554						
9	1113	16	3555						
9	1114	16	3556						
9	1115	16	3558						
9	1117	16	3560						
9	1118	16	3563						
9	1120	17	3567						
9	1125	17	3568						
9	1126	17	3573						
9	1131	17	3575						
9	1132	17	3581						
9	1134	17	3582						
9	1135	17	3585						
10	1136	17	3587						
10	1138	17	3591						
10	1139	17	3592						
10	1140	17	3593						
10	1141	17	3595						
10	1142	18	3597						
10	1143	18	3625						
10	1144	19	3629						
10	1148	19	3631						
10	1150	19	3632						
10	1152	19	3634						
10	1157	19	3636						
10	1159	19	3638						
10	1160	20	3640						
10	1163	20	3641						
10	1165	20	3643						
10	1166	20	3646						
10	1170	20	3647						
10	1172	20	3649						
10	1174	21	3650						
10	1176	21	3651						
10	1178	21	3655						
10	1184	21	3660						
10	1185	21	3661						
10	1188	21	3666						
10	1189	21	3668						
10	1193	21	3669						
10	1195	21	3671						
10	1196	21	3673						
10	1197	21	3674						
10	1198	22	3675						
10	1199	22	3677						
10	1200	22	3680						
10	1201	22	3682						
10	1202	22	3683						
10	1203	22	3684						
10	1220	23	3685						
10	1221	23	3690						
10	1224	23	3692						
11	1225	23	3693						
11	1226	24	18						
11	1227	24	22						
11	1229	24	27						
11	1232	24	28						
11	1233	24	31						
11	1234	24	37						
11	1235	24	43						
11	1239	24	44						
11	1243	24	47						
11	1249	24	50						
11	1250	24	59						
11	1253	24	65						
11	1255	24	70						
11	1260	24	76						
11	1262	24	80						
11	1264	24	82						
11	1265	24	84						
11	1266	24	88						
11	1267	24	91						
11	1273	24	92						
11	1274	24	96						
11	1275	24	154						
11	1285	24	159						
12	19	24	162						
12	25	24	168						
12	27	24	173						
12	34	24	175						
12	35	24	176						
12	46	24	177						
12	48	24	178						
12	49	24	180						
12	55	24	182						
12	59	24	184						
12	65	24	187						
12	66	24	190						
12	67	24	194						
12	72	24	195						
12	73	24	197						
12	74	24	202						
12	77	24	225						
12	82	24	226						
12	90	24	227						
12	95	24	230						
12	101	24	233						
12	108	24	234						
12	111	24	237						
12	112	24	239						
12	113	24	241						
12	114	24	243						
12	115	24	245						
12	116	24	248						
12	118	24	250						
12	123	24	253						
12	126	24	254						
12	129	24	259						
12	137	24	265						
12	177	24	268						
12	178	24	270						
12	182	24	271						
12	275	24	272						
12	276	24	273						
12	281	24	274						
12	284	24	279						
12	290	24	288						
12	296	24	289						
12	298	24	290						
12	299	24	291						
12	304	24	294						
12	307	24	295						
12	312	24	297						
12	313	24	370						
12	314	24	373						
12	316	24	376						
12	317	24	377						
12	323	24	378						
12	326	24	380						
12	327	24	382						
12	332	24	383						
12	335	24	385						
12	341	24	386						
12	345	24	392						
12	348	24	394						
12	351	25	395						
12	355	25	397						
12	363	25	398						
12	365	25	400						
12	372	25	401						
12	375	25	403						
12	416	25	406						
12	417	25	407						
12	418	25	427						
12	421	25	431						
12	423	25	433						
12	424	25	436						
12	425	25	437						
12	426	25	438						
12	427	25	439						
12	431	25	443						
13	1438	25	444						
13	1440	25	448						
13	1441	25	469						
13	1448	25	471						
13	1449	25	472						
13	1451	25	476						
13	1453	25	478						
13	1461	25	479						
13	1466	25	480						
13	1467	25	481						
13	1469	25	484						
13	1475	25	489						
13	1476	25	490						
13	1477	25	491						
13	1487	25	495						
13	1488	25	502						
13	1495	25	503						
13	1497	25	504						
13	1500	25	506						
13	1501	25	513						
13	1504	25	516						
13	1506	25	517						
13	1507	25	519						
13	1511	25	521						
13	1514	25	526						
13	1516	25	530						
13	1523	25	536						
13	1526	25	540						
13	1532	25	541						
14	1534	25	543						
14	1536	25	1231						
14	1538	25	1233						
14	1540	25	1235						
14	1556	25	1239						
14	1559	25	1244						
14	1562	25	1248						
14	1567	25	1250						
14	1573	25	1254						
14	1574	25	1255						
14	1577	25	1257						
14	1579	25	1258						
14	1580	25	1262						
14	1587	25	1267						
14	1588	25	1271						
14	1589	25	1272						
14	1592	26	1275						
14	1593	26	1276						
14	1596	26	1281						
14	1600	26	1282						
14	1603	26	1288						
14	1607	26	1290						
14	1613	26	1292						
15	1615	26	1293						
15	1622	26	1295						
15	1627	26	1296						
15	1629	26	1300						
15	1632	26	1305						
15	1633	26	1308						
15	1636	26	1312						
15	1637	26	1324						
15	1643	26	1327						
15	1645	26	1331						
15	1648	26	1335						
15	1650	26	1340						
15	1655	26	1432						
15	1656	26	1756						
15	1657	26	2232						
15	1663	26	2235						
15	1664	26	2237						
15	1665	26	2244						
15	1669	26	2247						
15	1672	26	2249						
15	1678	26	2252						
15	1679	26	2254						
15	1681	27	2255						
15	1687	27	2256						
15	1688	27	2257						
15	1691	27	2258						
15	1692	27	2259						
15	1693	27	2260						
15	1694	27	2261						
15	1699	27	2262						
15	2093	27	2265						
15	2097	27	2270						
15	2100	27	2271						
15	2103	27	2272						
15	2106	27	2275						
15	2108	27	2278						
15	2109	27	2279						
15	2117	27	2300						
15	2120	27	2307						
15	2122	27	2312						
15	2234	27	2313						
16	2261	27	2314						
16	2262	28	2315						
16	2263	28	2318						
16	2265	28	2320						
16	2273	28	2324						
16	2274	28	2327						
16	2276	28	2329						
16	2278	28	2332						
16	2279	28	2334						
16	2283	28	2337						
16	2286	28	2339						
16	2288	28	2341						
16	2291	28	2343						
17	2294	28	2345						
17	2384	29	21						
17	2385	29	25						
17	2388	29	30						
17	2389	29	34						
17	2390	29	39						
17	2391	29	42						
17	2392	29	47						
17	2394	29	50						
17	2396	29	53						
17	2398	29	55						
17	2400	29	56						
17	2401	29	58						
17	2407	29	62						
17	2413	29	63						
18	21	29	67						
18	23	29	68						
18	24	29	73						
18	25	29	75						
18	28	29	76						
18	30	29	79						
18	32	29	85						
18	36	29	86						
18	39	29	90						
18	41	29	173						
18	44	29	194						
18	46	29	198						
18	49	29	201						
18	50	29	206						
18	51	29	208						
18	52	29	212						
18	54	29	218						
18	57	29	224						
18	60	29	226						
18	65	29	230						
18	69	29	249						
18	71	29	250						
18	72	29	254						
18	73	29	328						
18	75	29	335						
18	82	29	338						
18	87	29	339						
18	91	29	340						
18	92	29	343						
18	97	29	344						
18	149	29	347						
18	154	29	349						
18	155	29	350						
18	163	29	351						
18	166	29	385						
18	169	29	387						
18	171	29	388						
18	176	30	390						
18	180	30	392						
18	186	30	393						
18	187	30	397						
18	191	30	398						
18	215	30	402						
18	216	30	403						
18	217	30	404						
18	218	30	405						
18	219	30	469						
18	220	30	474						
18	221	30	481						
18	227	30	483						
18	230	30	891						
18	235	30	892						
18	240	30	895						
18	243	30	896						
18	245	30	899						
18	251	30	901						
18	255	30	903						
18	260	30	904						
18	261	30	905						
18	262	30	907						
18	263	30	909						
18	267	30	910						
18	273	30	915						
18	274	30	916						
18	276	30	920						
18	279	30	921						
18	282	30	922						
18	286	30	923						
18	287	30	925						
18	288	30	926						
19	289	30	929						
19	291	30	931						
19	292	30	935						
19	293	30	940						
19	294	30	943						
19	297	30	944						
19	301	30	945						
19	303	30	946						
19	309	30	948						
19	311	30	951						
19	312	30	952						
19	314	30	953						
19	318	30	955						
19	322	30	956						
19	323	31	959						
19	326	31	960						
19	328	31	961						
19	329	31	966						
19	331	31	967						
19	333	31	969						
19	338	31	976						
19	344	31	977						
19	345	31	1034						
19	348	31	1035						
19	355	31	1041						
19	356	31	1046						
19	357	31	1050						
19	358	31	1051						
19	360	31	1052						
19	362	31	1056						
19	363	31	1061						
19	364	31	1064						
19	368	31	1068						
19	374	31	1070						
19	375	31	1072						
19	376	31	1077						
19	377	31	1083						
19	378	31	1085						
19	379	31	1087						
19	381	31	1090						
19	384	31	1093						
19	385	31	1096						
19	703	31	1099						
19	704	31	1100						
19	705	31	1107						
19	707	31	1108						
19	708	31	1109						
19	709	31	1110						
19	712	31	1113						
19	713	31	1116						
19	714	31	1118						
19	715	31	1121						
19	718	31	1124						
19	720	31	1127						
19	723	31	1128						
19	724	31	1129						
19	725	31	1132						
19	726	31	1134						
19	728	31	1135						
19	729	31	1137						
19	730	31	1140						
19	733	31	1146						
19	734	31	1147						
19	736	32	1149						
19	738	32	1150						
19	740	32	1155						
19	746	32	1245						
19	747	32	1248						
19	748	32	1250						
19	756	32	1253						
19	758	32	1260						
19	759	32	1261						
19	762	32	1262						
19	764	32	1263						
19	765	32	1265						
19	772	32	1267						
19	773	32	1268						
19	778	32	1269						
19	780	32	1270						
19	784	32	1272						
20	785	32	1279						
20	790	32	1281						
20	792	32	1282						
20	796	32	1285						
20	797	32	1286						
20	799	32	1289						
20	802	32	1294						
20	807	32	1295						
20	809	32	1297						
20	810	32	1301						
20	811	33	1305						
20	812	33	1306						
20	817	33	1307						
20	819	33	1308						
20	823	33	1310						
20	825	33	1311						
20	829	33	1313						
20	831	33	1314						
20	834	33	1319						
20	963	33	1326						
20	965	33	1328						
20	966	34	22						
20	971	34	27						
20	978	34	32						
20	980	34	33						
20	981	34	38						
20	985	34	39						
20	987	34	41						
20	989	34	42						
20	994	34	44						
20	997	34	45						
20	998	34	46						
20	1002	34	48						
20	1003	34	54						
20	1007	34	57						
20	1008	34	58						
20	1010	34	64						
21	1011	34	68						
21	1012	34	74						
21	1020	34	75						
21	1021	34	79						
21	1023	34	81						
21	1026	34	84						
21	1029	34	87						
21	1032	34	90						
21	1035	34	91						
21	1036	34	92						
21	1043	34	94						
21	1044	34	96						
21	1048	34	99						
21	1050	34	103						
21	1051	34	104						
21	1052	34	107						
21	1053	34	109						
21	1055	34	111						
21	1057	34	113						
21	1058	34	115						
21	1061	34	117						
21	1062	34	119						
21	1063	34	121						
21	1065	34	122						
21	1067	34	123						
21	1069	34	125						
21	1070	34	128						
21	1072	34	129						
21	1073	34	130						
21	1075	34	131						
21	1077	34	134						
21	1079	34	135						
21	1080	34	138						
21	1083	34	139						
21	1085	34	143						
21	1086	34	145						
21	1087	34	146						
21	1088	34	148						
21	1090	34	150						
21	1094	34	151						
21	1095	34	153						
21	1097	34	154						
21	1100	34	157						
21	1109	34	158						
22	1111	34	159						
22	1114	34	160						
22	1115	34	164						
22	1116	34	166						
22	1118	34	167						
22	1119	34	169						
22	1120	34	173						
22	1121	34	174						
22	1122	34	177						
22	1124	34	179						
22	1126	34	183						
22	1128	34	188						
22	1129	34	189						
22	1130	34	190						
22	1133	34	191						
22	1134	34	193						
22	1137	34	196						
22	1138	34	198						
22	1145	34	201						
22	1146	34	203						
22	1148	34	204						
22	1149	34	206						
22	1151	34	210						
22	1153	34	214						
22	1165	34	216						
22	1166	34	218						
22	1170	34	219						
22	1171	34	222						
22	1175	34	223						
22	1176	34	226						
22	1181	34	228						
22	1184	34	229						
22	1187	34	231						
22	1192	34	234						
22	1193	34	236						
22	1194	34	237						
23	1196	34	241						
23	1199	34	245						
23	1203	34	250						
23	1204	34	251						
23	1205	34	252						
23	1206	34	254						
23	1208	34	255						
23	1215	34	256						
23	1216	34	260						
23	1348	34	263						
23	1349	34	265						
23	1350	34	266						
23	1351	34	267						
23	1352	34	268						
23	1358	34	269						
23	1363	34	270						
23	1365	34	271						
23	1366	34	273						
23	1369	34	274						
23	1370	34	277						
23	1371	34	278						
23	1374	34	279						
23	1375	34	280						
23	1376	34	283						
23	1384	34	287						
23	1388	34	288						
24	21	34	293						
24	24	34	297						
24	26	34	298						
24	28	34	302						
24	33	34	303						
24	36	34	307						
24	38	34	308						
24	48	34	312						
24	49	34	313						
24	50	34	314						
24	51	34	315						
24	53	34	319						
24	56	34	324						
24	60	34	327						
24	61	34	335						
24	62	34	339						
24	63	34	340						
24	64	34	341						
24	65	34	342						
24	68	34	343						
24	69	34	344						
24	73	34	345						
24	74	34	347						
24	78	34	348						
24	79	34	349						
24	80	34	352						
24	85	34	353						
24	89	34	358						
24	91	34	360						
24	94	34	361						
24	95	35	364						
24	96	35	366						
24	99	35	367						
24	101	35	369						
24	114	35	372						
24	115	35	374						
24	121	35	378						
24	124	35	383						
24	126	35	388						
24	127	35	389						
24	134	35	392						
24	135	35	393						
24	142	35	397						
24	145	35	399						
24	197	35	403						
24	198	35	405						
24	199	35	408						
24	201	35	410						
24	206	35	412						
24	211	35	414						
24	216	35	415						
24	222	35	416						
24	223	35	420						
24	224	35	426						
24	225	35	430						
24	229	35	432						
24	233	35	437						
24	235	35	438						
24	237	35	439						
24	238	35	443						
24	241	35	444						
24	246	35	447						
24	250	35	449						
24	255	35	452						
24	258	35	456						
24	259	35	462						
24	260	35	465						
24	263	35	466						
24	266	35	473						
24	270	35	474						
24	272	35	475						
24	274	35	476						
24	277	35	482						
24	279	35	488						
24	283	35	490						
24	285	35	491						
25	289	35	494						
25	293	35	497						
25	294	35	499						
25	298	35	500						
25	301	35	507						
25	305	35	508						
25	309	35	512						
25	311	35	514						
25	312	35	516						
25	314	35	517						
25	317	35	519						
25	320	35	520						
25	326	35	521						
25	329	35	527						
25	330	35	528						
25	332	35	530						
25	334	35	535						
25	335	35	537						
25	339	35	541						
25	342	35	545						
25	343	35	548						
25	344	35	550						
25	358	35	557						
25	361	35	560						
25	362	35	563						
25	366	35	569						
25	370	35	573						
25	372	35	579						
25	373	35	586						
25	375	35	587						
25	413	35	588						
25	415	35	591						
25	659	35	592						
25	660	35	595						
25	667	35	596						
25	673	35	600						
25	674	35	604						
25	675	35	606						
25	677	35	611						
25	682	35	615						
25	688	35	621						
25	689	35	730						
25	692	35	736						
25	693	35	856						
25	694	35	862						
25	695	35	863						
25	699	35	864						
25	702	35	865						
25	703	35	868						
25	705	35	870						
25	709	36	874						
25	711	36	878						
25	712	36	880						
25	718	36	881						
25	721	36	885						
25	724	36	886						
25	728	36	891						
25	730	36	894						
25	734	36	899						
25	737	36	900						
25	738	36	901						
25	740	36	904						
25	742	36	905						
25	743	36	908						
25	746	36	910						
25	748	36	911						
25	749	36	912						
25	806	36	914						
25	807	36	916						
25	810	36	921						
25	812	36	922						
25	813	36	925						
25	815	36	927						
26	816	36	928						
26	817	36	929						
26	819	36	930						
26	822	36	931						
26	827	36	934						
26	831	36	935						
26	834	36	937						
26	835	36	941						
26	837	36	944						
26	838	36	946						
26	846	36	947						
26	850	36	949						
26	852	36	952						
26	877	36	959						
26	878	36	1000						
26	879	36	1004						
26	881	36	1006						
26	883	36	1007						
26	885	36	1008						
26	886	36	1009						
26	887	36	1011						
26	889	36	1012						
26	894	36	1015						
26	896	36	1019						
26	897	36	1022						
26	899	36	1023						
26	900	36	1024						
26	903	36	1025						
26	906	36	1028						
26	907	36	1030						
26	911	36	1031						
26	912	36	1032						
26	914	36	1033						
26	917	37	1036						
26	918	37	1038						
26	924	37	1039						
26	926	37	1045						
26	929	37	1047						
26	930	37	1049						
26	933	37	1051						
26	937	37	1055						
26	939	37	1060						
26	943	37	1062						
26	945	37	1065						
26	946	37	259						
26	947	38	260						
26	949	38	262						
26	955	38	267						
26	960	38	268						
26	961	38	270						
26	962	38	271						
27	966	38	273						
27	967	38	274						
27	970	38	275						
27	971	38	279						
27	972	38	285						
27	973	38	286						
27	974	38	290						
27	977	38	291						
27	978	38	298						
27	1013	38	300						
27	1016	38	304						
27	1019	38	305						
27	1022	38	310						
27	1028	38	311						
27	1034	38	314						
27	1041	38	316						
27	1045	38	319						
27	1046	38	321						
27	1052	38	322						
27	1053	38	323						
27	1055	38	329						
27	1057	38	332						
27	1061	38	338						
27	1062	38	339						
27	1064	38	341						
27	1067	38	342						
27	1068	38	343						
27	1070	38	344						
27	1078	38	348						
27	1081	38	352						
27	1083	38	353						
27	1086	38	356						
27	1087	38	367						
27	1089	38	368						
27	1091	38	369						
27	1094	38	375						
27	1097	38	376						
27	1098	38	383						
27	1099	38	389						
27	1100	38	392						
27	1101	38	393						
27	1103	38	394						
27	1107	38	398						
27	1109	38	401						
27	1110	38	402						
27	1112	38	406						
27	1113	38	408						
27	1114	38	409						
27	1115	38	411						
27	1116	38	413						
27	1118	38	416						
27	1119	38	418						
27	1120	38	425						
27	1126	38	426						
27	1131	38	430						
28	1136	38	433						
28	1140	38	436						
28	1142	38	438						
28	1144	38	440						
28	1145	38	443						
28	1146	38	444						
28	1148	38	445						
28	1166	38	446						
28	1169	38	449						
28	1172	38	475						
28	1173	38	477						
28	1174	38	479						
28	1180	38	481						
28	1181	38	482						
28	1182	38	483						
28	1183	38	484						
28	1184	38	487						
28	1186	38	490						
28	1188	38	491						
28	1191	38	492						
28	1198	38	497						
28	1201	38	501						
28	1207	38	502						
28	1208	38	504						
28	1210	38	509						
28	1211	38	514						
28	1213	38	515						
28	1214	38	525						
28	1215	38	526						
28	1218	38	528						
28	1221	38	529						
28	1226	38	531						
28	1227	38	534						
28	1232	38	536						
28	1233	38	540						
29	21	38	542						
30	27	38	546						
30	29	38	549						
30	33	38	554						
30	40	38	556						
30	48	38	557						
30	49	38	560						
30	50	38	565						
30	51	38	566						
30	52	38	570						
30	53	38	572						
30	54	38	575						
30	58	38	582						
30	60	38	583						
30	93	38	588						
30	95	38	589						
30	96	39	591						
30	99	39	592						
30	104	39	594						
30	111	39	595						
30	118	39	601						
30	123	39	602						
30	128	39	604						
30	131	39	610						
30	132	39	612						
30	136	39	613						
30	140	39	616						
30	144	39	618						
30	149	39	620						
30	151	39	622						
30	152	39	642						
30	154	39	646						
30	158	39	647						
30	164	39	654						
30	171	39	656						
30	172	39	660						
30	173	39	661						
30	174	39	663						
30	177	39	668						
30	178	39	671						
30	179	39	673						
30	182	39	676						
30	209	39	677						
30	215	39	681						
30	218	39	684						
30	224	39	688						
30	230	39	690						
30	233	39	693						
30	240	39	696						
30	248	39	697						
30	252	39	698						
30	256	39	699						
30	258	39	700						
30	260	39	703						
30	261	39	704						
30	262	39	707						
30	265	39	708						
30	267	39	710						
30	268	39	713						
30	269	39	716						
30	273	39	717						
30	274	39	718						
30	275	39	721						
30	276	39	723						
30	277	39	727						
30	280	39	729						
30	282	39	730						
30	283	39	731						
30	286	39	734						
30	291	39	735						
30	294	39	737						
30	300	39	741						
30	304	39	744						
30	308	39	748						
30	310	39	749						
30	311	40	753						
30	312	40	754						
30	315	40	755						
30	316	40	756						
30	323	40	757						
30	328	40	759						
30	330	40	761						
30	331	40	762						
30	333	40	765						
30	334	40	771						
30	336	40	773						
30	339	40	774						
30	1313	40	779						
30	1314	40	782						
30	1315	40	783						
30	1317	40	786						
30	1319	40	787						
30	1321	40	788						
30	1324	40	792						
30	1325	40	795						
30	1330	40	802						
30	1331	40	805						
30	1334	40	807						
30	1337	40	809						
30	1338	40	811						
30	1340	40	815						
30	1346	40	818						
30	1347	40	824						
31	1348	40	825						
31	1353	41	828						
31	1359	41	829						
31	1361	41	831						
31	1366	41	832						
31	1370	41	837						
31	1371	41	839						
31	1373	41	840						
31	1378	41	842						
31	1380	41	845						
31	1383	41	846						
31	1384	41	847						
31	1387	41	851						
31	1415	41	855						
31	1420	41	856						
31	1421	41	859						
31	1428	41	866						
31	1429	41	867						
31	1430	41	869						
31	1434	41	871						
31	1437	41	875						
31	1439	41	877						
31	1445	41	879						
31	1448	41	880						
31	1450	41	881						
31	1457	41	882						
31	1459	41	884						
31	1460	41	886						
31	1461	41	889						
31	1464	41	890						
31	1644	41	892						
31	1645	41	896						
31	1647	41	898						
31	1652	41	905						
31	1654	41	909						
31	1655	41	910						
32	1656	41	913						
32	1694	41	919						
32	1695	41	923						
32	1696	41	925						
32	1699	41	927						
32	1700	41	929						
32	1702	41	935						
32	1704	41	936						
32	1705	41	943						
32	1706	41	948						
32	1708	41	949						
32	1709	41	950						
32	1716	41	952						
32	1718	41	953						
32	1726	41	955						
32	1727	41	956						
32	1732	41	958						
32	1734	41	959						
32	1735	41	960						
32	1736	41	961						
32	1738	41	962						
32	1742	41	963						
32	1743	41	964						
32	1746	41	966						
33	1751	41	967						
33	1752	41	972						
33	1753	41	979						
33	1757	41	980						
33	1765	41	983						
33	1767	42	989						
33	1772	42	994						
33	1774	42	1013						
33	1775	42	1015						
33	1776	42	1025						
33	1777	42	1031						
34	1779	42	1032						
34	1783	42	1036						
34	1785	42	1037						
34	1786	42	1042						
34	1791	42	1261						
34	1793	42	1263						
34	1794	42	1264						
34	1795	42	1266						
34	1797	42	1271						
34	1799	42	1275						
34	1802	42	1277						
34	1804	42	1280						
34	1805	42	1283						
35	1809	42	1288						
35	1810	42	1293						
35	1811	42	1295						
35	1814	42	1296						
35	1816	42	1300						
35	1817	42	1303						
35	1818	42	1306						
35	1822	42	1309						
35	1824	42	1310						
35	1826	42	1314						
35	1832	42	1347						
35	1836	42	1349						
35	1839	42	1350						
35	1842	42	1354						
35	1843	42	1358						
35	1844	42	1359						
35	1847	42	1361						
35	1849	43	1362						
35	1851	43	1364						
35	1852	43	1365						
35	1857	43	1367						
35	1858	43	1369						
36	1859	43	1370						
36	1862	43	1375						
36	1867	43	1376						
36	1870	43	1382						
36	1871	43	1389						
36	1872	43	1391						
36	1874	43	1395						
36	1876	43	1396						
36	1880	43	1402						
36	1882	43	1407						
36	1883	43	1408						
36	1887	43	1413						
36	1888	43	1415						
36	1889	43	1416						
36	1891	43	1420						
36	1892	43	1422						
36	1897	43	1425						
36	1898	43	1430						
37	1901	43	1433						
37	1902	43	1436						
37	1903	43	1437						
37	1905	43	1439						
37	1906	43	1440						
37	1909	43	1442						
37	1910	43	1444						
37	1911	44	1451						
37	1916	44	1452						
37	1919	44	1455						
37	1921								
37	1922								
37	1923								
37	1925								
37	1946								
38	1947								
38	1951								
38	1954								
38	1955								
38	1958								
38	1963								
38	1964								
38	1965								
38	2006								
38	2008								
38	2011								
38	2015								
38	2019								
38	2020								
38	2021								
38	2069								
38	2072								
38	2077								
38	2078								
39	2085								
39	2087								
39	2088								
39	2092								
39	2095								
39	2097								
39	2099								
39	2100								
39	2103								
39	2108								
39	2111								
39	2112								
39	2113								
39	2114								
39	2118								
39	2121								
40	2122								
40	2123								
40	2127								
40	2132								
40	2134								
40	2137								
40	2138								
40	2140								
40	2141								
40	2144								
40	2145								
41	2147								
41	2151								
41	2154								
41	2155								
41	2156								
41	2160								
41	2165								
41	2167								
41	2168								
41	2169								
41	2174								
41	2179								
41	2181								
41	2183								